16
14
18
14
16
14
16
14
18
14
16
14
12
14
14
14
18
14
14
16
14
16
12
14
10
10
10
10
12
8
10
12
10
16
14
14
12
14
10
10
12
12
18
16
14
16
12
14
16
14
14
14
16
12
12
12
10
12
14
12
16
14
12
14
12
12
12
10
12
14
14
14
20
16
12
12
14
12
16
16
18
14
12
12
12
14
10
12
8
10
12
14
16
12
10
10
8
10
12
10
10
14
14
12
8
10
10
14
12
10
12
14
14
12
12
12
10
12
8
10
16
16
14
12
12
14
12
12
12
18
14
14
12
10
10
10
12
12
8
12
8
6
8
10
10
10
14
14
10
14
10
18
16
16
14
14
12
10
10
10
14
18
14
14
12
14
16
14
16
12
16
12
10
10
12
10
14
14
10
12
8
10
14
12
16
12
12
10
12
14
12
12
16
14
14
12
10
12
14
14
20
16
16
18
14
14
14
16
16
14
10
10
14
12
14
10
12
10
10
16
14
16
14
16
12
12
14
10
10
14
12
12
12
14
12
14
10
10
14
12
12
10
16
12
14
10
12
8
10
12
8
6
8
4
