12
14
12
14
12
10
12
12
14
12
14
14
10
14
14
12
16
14
14
14
14
12
14
14
14
14
10
12
12
14
14
12
10
14
12
8
12
10
10
16
12
14
14
14
12
14
12
14
10
12
12
12
12
8
10
10
10
14
12
8
12
10
10
14
14
12
10
14
12
8
12
10
10
16
12
14
14
14
14
10
14
12
10
8
12
10
12
12
10
14
10
12
12
12
12
8
12
12
12
8
12
12
8
12
10
8
10
10
12
16
14
12
16
12
14
12
12
16
12
14
14
14
10
14
10
12
10
8
10
10
14
10
14
10
12
10
12
12
8
10
10
12
14
14
10
12
12
10
12
10
8
10
10
14
10
12
10
12
10
12
12
14
12
14
12
12
10
12
10
12
12
12
12
8
10
10
16
14
14
16
14
16
14
12
16
16
12
14
14
10
12
8
12
14
14
12
10
14
12
8
12
10
10
14
12
14
14
12
12
8
12
12
10
12
12
10
12
8
12
12
8
12
12
10
12
12
12
10
8
12
10
6
10
8
8
14
10
12
12
12
12
8
12
16
14
12
14
14
12
10
8
14
12
10
12
12
12
10
8
10
10
10
10
6
14
18
14
18
12
16
14
12
14
12
14
14
12
14
10
14
10
12
8
12
12
16
10
14
14
10
12
10
12
12
10
14
10
12
10
12
8
12
10
10
14
10
14
10
14
10
14
12
14
10
12
10
14
12
14
10
16
16
16
14
14
14
14
10
14
10
12
10
10
14
12
14
14
14
12
10
12
12
12
10
10
12
10
12
10
8
12
10
10
6
8
6
8
8
4
6
6
8
4
8
10
6
8
8
6
8
6
4
