14
14
16
16
14
16
16
18
14
14
18
16
14
16
14
16
16
12
12
14
14
12
14
16
16
16
14
16
12
16
14
14
16
18
14
14
16
18
14
16
16
12
14
14
10
10
12
12
10
10
10
10
12
10
16
18
14
14
16
18
14
16
16
14
14
16
12
14
14
16
10
12
8
8
10
10
12
8
10
10
14
12
16
14
14
16
14
12
12
14
8
8
10
14
12
12
20
16
18
14
12
16
14
14
14
12
14
18
14
12
16
12
14
12
14
10
14
14
16
8
10
12
10
14
12
12
10
8
10
10
12
12
12
10
18
20
16
14
10
10
12
8
10
10
6
8
8
12
8
12
16
16
12
14
16
12
10
14
12
10
12
10
12
16
12
14
14
10
12
12
8
10
10
14
16
12
12
14
12
14
10
10
12
12
8
12
12
14
12
10
6
10
12
8
10
12
12
14
10
10
12
18
16
16
18
18
16
16
18
18
14
18
14
16
14
16
16
12
14
14
10
10
12
8
10
10
6
8
8
4
